(0,0,0)(0,0.571429,0)(0.0655022,1.14286,0)(0.196507,1.71429,0)(0.414847,2.28571,0)(0.851528,2.85714,0)(1.15721,2.90393,0)(1.46288,2.86026,0)
(0,0,0)(0.1,0.196507,0)(0.414847,0.58952,0)(0.764192,0.895196,0)(1.28821,1.20087,0)(1.55022,1.33188,0)(1.8559,1.33188,0)(2.03057,1.28821,0)
(0,0,0)(0.0655022,0.571429,0)(0.196507,1.14286,0)(0.371179,1.71429,0)(0.58952,2.28571,0)(0.851528,2.85714,0)(1.20087,3.42857,0)(1.59389,4,0)
(0,0,0)(0,0.571429,0)(0,1.14286,0)(0,1.71429,0)(0,2.28571,0)(0,2.85714,0)(0,3.42857,0)(0,4,0)
(0,0,0)(0,0.571429,0)(0,1.14286,0)(0,1.71429,0)(0,2.28571,0)(0,2.85714,0)(0,3.42857,0)(0,4,0)
(0,0,0)(0,0.571429,0)(0,1.14286,0)(0,1.71429,0)(0,2.28571,0)(0,2.85714,0)(0,3.42857,0)(0,4,0)
(0,0,0)(0,0.571429,0)(0,1.14286,0)(0,1.71429,0)(0,2.28571,0)(0,2.85714,0)(0,3.42857,0)(0,4,0)
(0,0,0)(0,0.571429,0)(0,1.14286,0)(0,1.71429,0)(0,2.28571,0)(0,2.85714,0)(0,3.42857,0)(0,4,0)
(0,0,0)(0,0.571429,0)(0,1.14286,0)(0,1.71429,0)(0,2.28571,0)(0,2.85714,0)(0,3.42857,0)(0,4,0)
(0,0,0)(0,0.571429,0)(0,1.14286,0)(0,1.71429,0)(0,2.28571,0)(0,2.85714,0)(0,3.42857,0)(0,4,0)
